~/.ros2/easy_handeye2/calibrations$ cat calibrator_cam1.calib 


Translation
	x: 0.023030
	y: 1.286797
	z: 0.340484)
Rotation
	x: 0.667501
	y: -0.017524
	z: -0.005118
	w: 0.744385	
